seg04 37 800 8001
seg04.dat 16 63152.5023(188032)/mV 0 0 -11575 -30266 0 I-Raw
seg04.dat 16 65645.8329(232566)/mV 0 0 -29404 -2682 0 II-Raw
seg04.dat 16 57504.9712(8710)/mV 0 0 -31375 5176 0 III-Raw
seg04.dat 16 34547.3617(106685)/mV 0 0 19861 15572 0 V1-Raw
seg04.dat 16 17285.2249(100175)/mV 0 0 15619 17493 0 V2-Raw
seg04.dat 16 24263.0939(112741)/mV 0 0 6475 -5606 0 V3-Raw
seg04.dat 16 34491.054(126888)/mV 0 0 -9258 -7261 0 V4-Raw
seg04.dat 16 35604.1792(109106)/mV 0 0 -29009 -4357 0 V5-Raw
seg04.dat 16 35221.6861(105381)/mV 0 0 -30883 8654 0 V6-Raw
seg04.dat 16 31300.2721(143603)/mV 0 0 -6428 14572 0 LA-Raw
seg04.dat 16 34217.2752(151630)/mV 0 0 -14223 7091 0 RA-Raw
seg04.dat 16 37055.0976(211468)/mV 0 0 -20874 21210 0 LL-Raw
seg04.dat 16 23482.3084(183859)/mV 0 0 459 14989 0 UV1-Raw
seg04.dat 16 20858.434(159654)/mV 0 0 -5949 -3572 0 UV2-Raw
seg04.dat 16 19479.5082(138016)/mV 0 0 -2550 -5299 0 UV3-Raw
seg04.dat 16 24941.6183(144975)/mV 0 0 -13155 12533 0 UV4-Raw
seg04.dat 16 24220.1772(136642)/mV 0 0 -27660 8084 0 UV5-Raw
seg04.dat 16 24232.784(160376)/mV 0 0 -26286 24043 0 UV6-Raw
seg04.dat 16 68257.5435(-14348)/mV 0 0 -13698 -8788 0 I
seg04.dat 16 78872.8824(-21527)/mV 0 0 -21293 -30668 0 II
seg04.dat 16 67346.2081(-24349)/mV 0 0 -24575 28274 0 III
seg04.dat 16 40325.8259(20649)/mV 0 0 21260 -11188 0 V1
seg04.dat 16 20262.8136(14881)/mV 0 0 15715 -2585 0 V2
seg04.dat 16 24773.3922(6706)/mV 0 0 7210 -11043 0 V3
seg04.dat 16 35241.5972(-4187)/mV 0 0 -3548 15044 0 V4
seg04.dat 16 40447.5782(-23133)/mV 0 0 -22672 10499 0 V5
seg04.dat 16 45788.3286(-24833)/mV 0 0 -24667 3150 0 V6
seg04.dat 16 70781.9852(11050)/mV 0 0 8242 -27083 0 LA
seg04.dat 16 72958.2941(9268)/mV 0 0 5377 8613 0 RA
seg04.dat 16 118439.6125(-8018)/mV 0 0 -13193 9428 0 LL
seg04.dat 16 37794.0369(18530)/mV 0 0 18563 -15189 0 UV1
seg04.dat 16 22866.2502(13549)/mV 0 0 13433 27960 0 UV2
seg04.dat 16 25653.9754(8125)/mV 0 0 7614 5915 0 UV3
seg04.dat 16 35858.0118(-822)/mV 0 0 -1848 -20738 0 UV4
seg04.dat 16 38879.9652(-21182)/mV 0 0 -22599 9141 0 UV5
seg04.dat 16 43071.3274(-20959)/mV 0 0 -22655 -15113 0 UV6
seg04.dat 16 148049.5696(3897)/mV 0 0 -117 -22148 0 WCT

#Age: 87
#Sex: M
#Diagnosis report: Atrial fibrillation
